10101
10103
10110
10112
10114
10121
10123
10130
10132
10134
10141
10143
10301
10303
10310
10312
10314
10321
10323
10330
10332
10334
10341
10343
11010
11011
11012
11013
11014
11030
11031
11032
11033
11034
11210
11211
11212
11213
11214
11230
11231
11232
11233
11234
11410
11411
11412
11413
11414
11430
11431
11432
11433
11434
12101
12103
12110
12112
12114
12121
12123
12130
12132
12134
12141
12143
12301
12303
12310
12312
12314
12321
12323
12330
12332
12334
12341
12343
13010
13011
13012
13013
13014
13030
13031
13032
13033
13034
13210
13211
13212
13213
13214
13230
13231
13232
13233
13234
13410
13411
13412
13413
13414
13430
13431
13432
13433
13434
14101
14103
14110
14112
14114
14121
14123
14130
14132
14134
14141
14143
14301
14303
14310
14312
14314
14321
14323
14330
14332
14334
14341
14343
21010
21011
21012
21013
21014
21030
21031
21032
21033
21034
21101
21103
21121
21123
21141
21143
21210
21211
21212
21213
21214
21230
21231
21232
21233
21234
21301
21303
21321
21323
21341
21343
21410
21411
21412
21413
21414
21430
21431
21432
21433
21434
23010
23011
23012
23013
23014
23030
23031
23032
23033
23034
23101
23103
23121
23123
23141
23143
23210
23211
23212
23213
23214
23230
23231
23232
23233
23234
23301
23303
23321
23323
23341
23343
23410
23411
23412
23413
23414
23430
23431
23432
23433
23434
30101
30103
30110
30112
30114
30121
30123
30130
30132
30134
30141
30143
30301
30303
30310
30312
30314
30321
30323
30330
30332
30334
30341
30343
31010
31011
31012
31013
31014
31030
31031
31032
31033
31034
31210
31211
31212
31213
31214
31230
31231
31232
31233
31234
31410
31411
31412
31413
31414
31430
31431
31432
31433
31434
32101
32103
32110
32112
32114
32121
32123
32130
32132
32134
32141
32143
32301
32303
32310
32312
32314
32321
32323
32330
32332
32334
32341
32343
33010
33011
33012
33013
33014
33030
33031
33032
33033
33034
33210
33211
33212
33213
33214
33230
33231
33232
33233
33234
33410
33411
33412
33413
33414
33430
33431
33432
33433
33434
34101
34103
34110
34112
34114
34121
34123
34130
34132
34134
34141
34143
34301
34303
34310
34312
34314
34321
34323
34330
34332
34334
34341
34343
41010
41011
41012
41013
41014
41030
41031
41032
41033
41034
41101
41103
41121
41123
41141
41143
41210
41211
41212
41213
41214
41230
41231
41232
41233
41234
41301
41303
41321
41323
41341
41343
41410
41411
41412
41413
41414
41430
41431
41432
41433
41434
43010
43011
43012
43013
43014
43030
43031
43032
43033
43034
43101
43103
43121
43123
43141
43143
43210
43211
43212
43213
43214
43230
43231
43232
43233
43234
43301
43303
43321
43323
43341
43343
43410
43411
43412
43413
43414
43430
43431
43432
43433
43434